"TestScores"
89
100
85
94
89
94
87
95
94
90
83
92
91
88
88
97
88
87
92
95
97
97
94
85
92
96
89
89
88
91
94
96
85
99
83
102
84
94
94
89
92
87
82
93
89
78
94
89
80
95
89
88
84
86
93
95
83
82
93
81
79
93
91
98
93
100
93
89
87
91
95
92
85
89
86
93
82
88
88
87
92
87
87
88
90
90
93
90
98
94
87
90
87
95
96
88
90
86
95
85
86
96
93
84
94
94
91
78
90
79
87
92
89
92
83
87
85
90
85
86
90
91
91
93
94
83
80
96
88
91
91
90
90
94
85
94
93
91
90
90
94
101
85
93
86
99
89
90
88
91
91
94
95
92
87
94
88
92
85
89
89
86
90
89
88
91
87
84
94
94
95
95
101
85
80
94
85
93
95
99
85
90
87
97
78
85
97
94
86
84
96
91
99
83
79
90
87
85
86
89
92
87
87
93
91
83
96
88
89
94
90
98
97
87
95
91
107
86
82
87
94
91
86
89
83
97
84
82
99
87
85
86
87
91
92
83
78
84
91
88
90
85
90
81
97
91
96
86
92
97
93
92
89
86
88
90
98
90
93
89
85
97
94
88
100
90
97
90
95
85
92
88
86
90
96
94
93
95
84
91
84
95
88
93
91
86
85
83
92
91
95
81
85
85
92
83
93
88
85
100
81
74
90
81
89
95
97
90
92
87
94
90
95
83
88
90
91
83
86
88
95
96
78
90
93
99
91
90
90
93
91
87
80
96
88
84
90
85
85
97
91
90
84
89
83
81
94
97
88
92
90
94
93
86
88
95
83
96
93
95
92
97
97
91
94
88
99
85
85
94
91
92
94
92
99
88
95
87
80
84
91
95
99
87
85
86
95
84
92
93
85
83
90
94
87
88
97
91
88
89
82
90
96
91
85
91
87
92
85
86
80
88
92
94
87
101
89
97
88
88
80
88
86
90
90
89
93
84
85
81
93
87
88
94
93
97
87
95
81
87
90
93
91
78
93
96
88
97
101
85
86
84
80
92
95
90
90
92
88
88
91
91
80
92
89
91
95
93
90
86
85
87
89
84
89
93
87
89
84
88
96
81
85
100
94
88
87
88
86
94
89
76
98
97
84
104
85
93
94
82
95
82
95
90
90
98
84
78
83
88
83
93
94
94
88
91
81
83
95
100
85
92
92
88
86
95
93
90
97
97
86
85
85
95
96
85
87
91
91
93
97
83
95
89
95
91
89
97
84
90
85
89
91
86
86
97
90
94
87
86
85
90
96
101
83
85
89
90
96
85
88
82
99
85
94
81
88
95
85
90
97
88
86
89
83
84
81
89
98
85
88
92
101
93
89
88
92
92
91
92
94
94
87
89
99
80
90
85
90
86
84
103
88
98
93
85
95
84
85
86
89
92
87
83
101
95
85
91
91
89
91
88
84
86
87
86
76
96
87
87
90
90
90
87
85
85
88
78
87
92
91
88
91
94
95
99
87
85
90
95
91
92
83
85
85
90
94
92
89
86
84
88
95
96
90
86
98
83
98
97
87
89
104
86
93
94
82
86
87
88
94
85
90
92
91
92
90
100
87
92
94
90
87
95
99
93
80
90
91
93
96
92
92
89
93
95
91
83
95
89
90
73
90
85
87
94
82
89
92
82
96
81
96
89
86
88
92
92
87
87
88
90
91
92
102
83
90
84
98
93
94
84
84
92
86
91
92
94
100
84
90
93
87
87
87
90
89
88
94
101
88
92
87
89
92
85
84
91
89
96
85
98
91
98
93
90
86
89
91
88
85
91
90
95
100
83
97
88
88
91
98
90
87
97
89
94
81
93
92
93
86
97
85
87
87
85
92
93
84
94
92
97
87
89
83
90
83
89
93
92
95
79
92
96
104
89
89
95
102
91
81
94
91
91
87
96
90
96
81
105
82
97
90
84
89
87
81
84
85
89
84
88
85
85
94
92
90
91
95
98
87
87
97
90
90
91
91
95
89
89
104
90
95
93
95
91
90
88
89
89
90
91
86
92
94
92
83
84
89
97
91
93
83
98
90
87
84
91
88
87
87
87
97
86
84
92
96
91
97
94
92
91
89
94
88
92
85
94
92
94
88
84
96
90
90
85
81
89
89
88
94
95
89
104
83
92
87
89
96
84
80
84
81
95
94
102
86
97
92
96
89
87
91
89
94
87
99
88
94
85
89
88
85
99
94
101
90
97
99
89
96
93
83
85
95
90
91
91
86
87
86
89
85
84
95
92
92
96
95
86
