"Income"
44000
48000
66000
51000
51000
67000
55000
37000
43000
46000
62000
54000
54000
51000
44000
68000
55000
30000
57000
45000
39000
48000
40000
43000
44000
33000
58000
52000
39000
63000
54000
47000
59000
59000
58000
57000
56000
49000
47000
46000
43000
48000
37000
72000
62000
39000
46000
45000
58000
49000
53000
50000
50000
64000
48000
65000
35000
56000
51000
52000
54000
45000
47000
40000
39000
53000
54000
51000
59000
71000
45000
27000
60000
43000
43000
60000
47000
38000
52000
49000
50000
54000
46000
56000
48000
53000
61000
54000
47000
61000
60000
55000
52000
44000
64000
44000
72000
65000
48000
40000
43000
53000
48000
47000
40000
50000
42000
33000
46000
59000
44000
56000
34000
49000
55000
53000
51000
44000
42000
40000
51000
41000
45000
47000
68000
43000
52000
51000
40000
49000
64000
55000
50000
46000
29000
61000
35000
57000
69000
36000
57000
47000
34000
35000
34000
45000
35000
57000
71000
37000
58000
58000
53000
40000
49000
47000
56000
46000
60000
46000
61000
40000
37000
82000
46000
53000
56000
45000
55000
54000
48000
51000
50000
71000
43000
39000
50000
53000
54000
45000
39000
63000
47000
41000
48000
48000
61000
51000
58000
45000
52000
47000
51000
41000
37000
70000
56000
37000
44000
38000
72000
63000
47000
55000
46000
45000
42000
44000
67000
49000
51000
52000
62000
45000
40000
67000
46000
43000
38000
37000
44000
56000
61000
57000
46000
51000
43000
43000
59000
40000
70000
49000
52000
43000
44000
37000
48000
54000
53000
42000
42000
45000
65000
39000
48000
69000
49000
36000
43000
55000
46000
44000
47000
51000
66000
49000
61000
56000
49000
35000
45000
45000
50000
63000
73000
65000
49000
32000
46000
51000
58000
60000
57000
36000
58000
46000
52000
51000
54000
50000
33000
57000
54000
47000
51000
51000
52000
66000
48000
52000
62000
61000
61000
44000
70000
51000
69000
36000
50000
62000
43000
42000
41000
39000
46000
53000
30000
52000
62000
70000
63000
58000
33000
44000
46000
57000
49000
37000
67000
59000
52000
62000
37000
57000
45000
57000
49000
56000
63000
50000
60000
38000
43000
65000
54000
29000
36000
48000
59000
49000
56000
60000
67000
51000
49000
32000
51000
44000
40000
48000
60000
30000
46000
51000
41000
53000
54000
50000
25000
76000
48000
57000
53000
60000
58000
48000
54000
41000
59000
45000
74000
33000
45000
58000
55000
44000
40000
51000
50000
32000
50000
52000
52000
39000
55000
64000
55000
39000
46000
53000
44000
28000
59000
42000
44000
65000
42000
58000
37000
46000
49000
38000
44000
50000
57000
33000
47000
58000
45000
52000
55000
53000
57000
49000
46000
24000
49000
54000
55000
44000
68000
53000
51000
63000
43000
45000
74000
50000
66000
36000
48000
54000
53000
40000
50000
39000
57000
61000
28000
62000
38000
55000
57000
48000
44000
52000
54000
59000
29000
34000
64000
60000
54000
57000
59000
23000
61000
45000
52000
47000
59000
47000
55000
46000
39000
62000
57000
67000
51000
61000
70000
47000
37000
48000
48000
52000
67000
47000
54000
48000
50000
53000
63000
51000
57000
58000
59000
44000
66000
46000
49000
64000
63000
39000
41000
36000
52000
52000
54000
56000
44000
40000
60000
58000
35000
49000
41000
29000
52000
49000
49000
52000
59000
52000
44000
43000
49000
53000
40000
48000
60000
49000
43000
47000
61000
56000
62000
51000
54000
44000
56000
45000
36000
51000
69000
58000
62000
54000
44000
48000
47000
45000
57000
38000
59000
59000
38000
56000
74000
44000
58000
42000
61000
52000
67000
35000
49000
45000
48000
44000
42000
56000
39000
65000
38000
51000
55000
56000
47000
51000
60000
35000
42000
53000
46000
64000
57000
51000
35000
50000
47000
49000
38000
55000
40000
48000
54000
42000
56000
37000
22000
55000
58000
47000
55000
38000
49000
31000
62000
69000
61000
50000
50000
35000
58000
48000
43000
36000
47000
42000
46000
38000
67000
50000
61000
24000
45000
43000
38000
65000
36000
53000
58000
52000
41000
59000
52000
39000
36000
71000
43000
31000
55000
53000
36000
31000
49000
61000
56000
45000
42000
53000
52000
56000
46000
59000
42000
47000
57000
60000
31000
51000
56000
35000
55000
42000
60000
55000
58000
51000
59000
64000
70000
50000
28000
50000
52000
48000
56000
60000
45000
47000
54000
44000
51000
30000
39000
37000
41000
43000
54000
60000
43000
40000
40000
46000
48000
55000
47000
29000
49000
62000
62000
42000
35000
75000
48000
49000
54000
34000
43000
35000
43000
51000
36000
56000
53000
41000
52000
57000
61000
48000
49000
49000
64000
61000
58000
47000
54000
54000
40000
33000
56000
35000
50000
53000
56000
52000
43000
60000
67000
59000
31000
64000
49000
55000
56000
49000
49000
60000
57000
60000
74000
57000
52000
28000
77000
45000
74000
54000
65000
49000
55000
52000
48000
49000
60000
48000
30000
48000
55000
56000
56000
33000
54000
60000
63000
48000
47000
65000
33000
46000
55000
34000
53000
69000
50000
47000
55000
47000
58000
59000
50000
38000
37000
44000
58000
30000
31000
43000
54000
41000
59000
53000
48000
58000
54000
46000
52000
56000
54000
43000
59000
62000
53000
51000
49000
72000
53000
48000
25000
34000
49000
52000
53000
58000
48000
62000
41000
38000
38000
57000
49000
58000
47000
44000
46000
31000
38000
36000
61000
44000
58000
65000
48000
53000
32000
42000
51000
53000
42000
77000
45000
51000
56000
50000
44000
60000
66000
50000
56000
49000
60000
38000
73000
44000
35000
46000
51000
66000
59000
51000
36000
41000
48000
76000
31000
61000
45000
67000
39000
51000
39000
59000
65000
70000
58000
68000
62000
49000
55000
40000
48000
62000
55000
55000
40000
44000
42000
54000
40000
56000
39000
68000
55000
43000
52000
46000
54000
52000
40000
42000
53000
66000
61000
44000
58000
50000
53000
53000
76000
38000
51000
32000
56000
61000
64000
31000
54000
66000
46000
48000
50000
54000
57000
63000
49000
52000
75000
54000
52000
37000
50000
48000
50000
44000
43000
43000
48000
64000
60000
46000
33000
42000
45000
51000
43000
70000
47000
38000
49000
40000
52000
52000
54000
34000
52000
53000
36000
60000
58000
73000
52000
50000
51000
51000
32000
33000
49000
44000
51000
29000
35000
39000
60000
39000
42000
51000
47000
51000
73000
39000
47000
45000
65000
42000
49000
58000
39000
67000
57000
39000
55000
48000
53000
49000
61000
36000
45000
48000
