"DailyAverageTemperature"
64
68
86
71
71
87
75
57
63
66
82
74
74
71
64
88
75
50
77
65
59
68
60
63
64
53
78
72
59
83
74
67
79
79
78
77
76
69
67
66
63
68
57
82
59
66
65
78
69
73
70
70
84
68
85
55
76
71
72
74
65
67
60
59
73
74
71
79
65
80
63
63
80
67
58
72
69
70
74
66
76
68
73
81
74
67
81
80
75
72
64
84
64
85
68
60
63
73
68
67
60
70
62
53
66
79
64
76
54
69
75
73
71
64
62
60
71
61
65
67
88
63
72
71
60
69
84
75
70
66
81
55
77
89
56
77
67
54
55
54
65
55
77
57
78
78
73
60
69
67
76
66
80
66
81
60
57
66
73
76
65
75
74
68
71
70
63
59
70
73
74
65
59
83
67
61
68
68
81
71
78
65
72
67
71
61
57
90
76
57
64
58
83
67
75
66
65
62
64
87
69
71
72
82
65
60
87
66
63
58
57
64
76
81
77
66
71
63
63
79
60
90
69
72
63
64
57
68
74
73
62
62
65
85
59
68
89
69
56
63
75
66
64
67
71
86
69
81
76
69
55
65
65
70
83
85
69
52
66
71
78
80
77
56
78
66
72
71
74
70
53
77
74
67
71
71
72
86
68
72
82
81
81
64
90
71
89
56
70
82
63
62
61
59
66
73
50
72
82
90
83
78
53
64
66
77
69
57
87
79
72
82
57
77
65
77
69
76
83
70
80
58
63
85
74
56
68
79
69
76
80
87
71
69
52
71
64
60
68
80
50
66
71
61
73
74
70
68
77
73
80
78
68
74
61
79
65
53
65
78
75
64
60
71
70
52
70
72
72
59
75
84
75
59
66
73
64
79
62
64
85
62
78
57
66
69
58
64
70
77
53
67
78
65
72
75
73
77
69
66
69
74
75
64
88
73
71
83
63
65
70
86
56
68
74
73
60
70
59
77
81
82
58
75
77
68
64
72
74
79
54
84
80
74
77
79
81
65
72
67
79
67
75
66
59
82
77
87
71
81
90
67
57
68
68
72
87
67
74
68
70
73
83
71
77
78
79
64
86
66
69
84
83
59
61
56
72
72
74
76
64
60
80
78
55
69
61
72
69
69
72
79
72
64
63
69
73
60
68
80
69
63
67
81
76
82
71
74
64
76
65
56
71
89
78
82
74
64
68
67
65
77
58
79
79
58
76
64
78
62
81
72
87
55
69
65
68
64
62
76
59
85
58
71
75
76
67
71
80
55
62
73
66
84
77
71
55
70
67
69
58
75
60
68
74
62
76
57
75
78
67
75
58
69
51
82
89
81
70
70
55
78
68
63
56
67
62
66
58
87
70
81
65
63
58
85
56
73
78
72
61
79
72
59
56
63
51
75
73
56
51
69
81
76
65
62
73
72
76
66
79
62
67
77
80
51
71
76
55
75
62
80
75
78
71
79
84
90
70
70
72
68
76
80
65
67
74
64
71
50
59
57
61
63
74
80
63
60
60
66
68
75
67
69
82
82
62
55
68
69
74
54
63
55
63
71
56
76
73
61
72
77
81
68
69
69
84
81
78
67
74
74
60
53
76
55
70
73
76
72
63
80
87
79
51
84
69
75
76
69
69
80
77
80
77
72
65
74
85
69
75
72
68
69
80
68
50
68
75
76
76
53
74
80
83
68
67
85
53
66
75
54
73
89
70
67
75
67
78
79
70
58
57
64
78
50
51
63
74
61
79
73
68
78
74
66
72
76
74
63
79
82
73
71
69
73
68
54
69
72
73
78
68
82
61
58
58
77
69
78
67
64
66
51
58
56
81
64
78
85
68
73
52
62
71
73
62
65
71
76
70
64
80
86
70
76
69
80
58
64
55
66
71
86
79
71
56
61
68
51
81
65
87
59
71
59
79
85
90
78
88
82
69
75
60
68
82
75
75
60
64
62
74
60
76
59
88
75
63
72
66
74
72
60
62
73
86
81
64
78
70
73
73
58
71
52
76
81
84
51
74
86
66
68
70
74
77
83
69
72
74
72
57
70
68
70
64
63
63
68
84
80
66
53
62
65
71
63
90
67
58
69
60
72
72
74
54
72
73
56
80
78
72
70
71
71
52
53
69
64
71
55
59
80
59
62
71
67
71
59
67
65
85
62
69
78
59
87
77
59
75
68
73
69
81
56
65
68
