"Votes"
32
33
29
36
36
34
34
35
22
36
31
34
35
34
35
32
28
34
33
16
32
31
29
29
30
28
29
28
36
33
25
34
35
23
30
32
33
30
33
30
34
0
32
35
31
25
29
33
22
29
36
35
31
34
31
27
33
23
31
31
31
35
28
36
36
36
35
35
31
31
28
28
23
28
34
35
34
36
34
33
33
35
14
27
33
29
27
30
29
28
36
31
35
30
30
36
34
28
35
27
34
35
30
36
34
31
34
32
35
32
35
31
34
29
34
28
35
27
36
30
35
27
27
32
34
20
34
31
29
33
35
34
34
19
30
31
35
36
21
26
33
28
33
36
34
27
35
31
34
30
35
28
36
33
27
30
30
34
36
35
31
31
17
36
36
28
33
34
36
33
29
30
29
25
29
32
23
25
33
36
33
14
33
34
35
33
31
32
30
33
33
28
36
34
22
22
36
34
33
31
30
36
28
35
29
35
35
33
28
26
35
33
26
18
29
31
34
35
31
35
33
36
35
23
26
35
22
29
22
29
35
32
31
34
31
33
28
26
35
17
35
31
35
30
28
34
31
36
23
28
32
35
34
28
34
28
30
34
36
31
29
33
28
25
35
32
28
33
23
33
30
33
28
33
31
34
36
34
30
25
32
36
33
31
30
32
24
30
27
36
36
35
24
35
27
32
33
32
30
31
21
36
34
36
32
35
33
21
34
31
33
36
32
33
23
33
32
34
36
33
30
31
26
35
34
34
36
36
19
20
35
35
35
30
33
36
34
35
30
29
18
35
30
30
36
34
36
36
36
31
36
34
29
33
28
33
31
30
35
23
17
34
34
36
33
30
20
30
32
35
33
33
32
27
33
29
35
33
36
35
34
24
32
35
34
34
34
36
36
31
33
33
25
25
36
27
17
36
24
32
29
35
33
26
31
34
33
34
36
27
32
35
36
29
32
35
28
23
31
32
16
35
36
30
27
31
34
34
33
36
34
34
16
29
34
27
31
33
36
28
19
35
31
36
33
25
34
35
28
25
35
32
26
36
27
35
28
28
29
34
35
34
33
29
33
31
29
35
33
32
33
14
26
18
32
34
27
29
22
32
30
32
32
20
32
34
34
19
34
30
36
32
29
35
35
34
31
35
36
21
12
33
30
35
34
34
32
23
34
25
36
29
31
34
35
36
36
35
32
28
24
28
27
33
36
36
34
36
36
34
35
32
27
34
36
33
33
17
30
19
33
34
35
34
36
33
36
8
34
30
31
33
20
30
34
31
36
29
33
35
35
36
36
35
23
28
29
31
29
32
35
28
36
36
29
31
35
29
34
24
33
20
33
32
32
35
36
29
30
35
36
28
26
32
35
30
35
33
35
30
34
25
28
34
33
32
25
31
27
36
18
33
35
35
32
33
35
30
33
31
35
32
28
29
35
36
28
35
31
34
32
25
30
12
34
33
34
32
34
28
27
31
30
24
34
36
29
34
34
35
32
17
30
27
31
29
33
32
26
32
25
33
35
33
34
27
36
35
34
25
33
32
28
35
26
26
34
31
29
20
24
33
34
35
34
34
30
32
36
32
33
29
25
35
35
35
31
29
34
35
25
35
30
26
32
25
34
32
28
35
35
34
30
23
35
7
26
34
36
30
33
34
35
24
15
26
36
30
34
34
32
33
36
29
36
30
33
26
35
23
21
32
11
32
31
35
29
31
24
31
35
32
35
20
26
34
33
36
35
4
28
36
35
22
28
34
25
35
36
15
34
31
36
34
35
31
30
26
34
35
32
34
36
31
36
33
36
26
35
33
34
33
35
15
31
36
25
29
34
23
26
30
33
29
33
32
36
22
33
31
35
30
33
36
31
35
35
32
34
33
36
32
32
35
35
36
35
16
11
29
16
23
32
29
33
32
28
35
28
27
31
27
29
35
34
33
30
36
31
25
35
36
35
30
32
29
32
36
34
35
27
34
35
31
33
31
35
36
29
32
33
33
30
30
35
34
28
35
20
32
36
32
35
34
34
24
27
23
33
27
15
36
31
25
34
30
31
36
33
36
35
33
15
33
31
33
35
34
27
35
31
30
28
17
30
29
26
34
14
34
15
35
27
35
33
30
27
20
33
31
36
34
32
19
30
36
30
31
34
32
30
35
29
25
36
33
30
16
34
18
32
33
35
35
30
31
34
31
25
35
27
34
32
35
25
36
31
29
30
35
31
33
16
21
35
35
34
29
35
35
32
25
33
33
34
33
36
32
34
30
30
22
36
25
36
35
33
30
35
32
