"EnergyConsumption"
8
5
13
0
0
3
3
1
27
0
10
4
2
3
1
8
15
4
5
40
8
9
14
13
11
16
14
15
0
5
21
5
2
25
12
7
6
12
5
11
4
72
8
2
11
22
13
5
27
13
0
3
10
3
9
18
5
25
10
10
10
2
15
0
0
0
2
2
9
9
16
16
25
15
3
2
4
0
3
6
5
2
44
18
6
14
17
12
14
15
0
11
2
11
11
0
4
15
2
18
4
2
11
0
4
9
4
7
1
8
1
9
3
13
3
16
1
18
0
13
1
17
17
8
3
32
4
11
13
6
1
4
3
34
12
10
2
0
29
19
6
16
6
0
3
17
2
9
4
12
1
15
0
5
17
13
12
4
0
1
10
10
37
0
0
16
5
4
0
5
14
12
14
21
14
8
26
22
5
0
5
43
5
4
2
6
9
7
11
6
6
16
1
4
27
28
0
4
6
9
49
51
60
44
46
48
48
51
59
45
60
48
54
45
47
53
39
49
47
49
58
45
59
53
53
56
47
45
47
53
46
43
61
44
50
49
43
52
54
49
45
47
40
51
47
51
48
55
50
63
