"CholesterolLevel"
158
155
163
150
150
153
153
151
177
150
160
154
152
153
151
158
165
154
155
190
158
159
164
163
161
166
164
165
150
155
171
155
152
175
162
157
156
162
155
161
154
222
158
152
161
172
163
155
177
163
150
153
160
153
159
168
155
175
160
160
160
152
165
150
150
150
152
152
159
159
166
166
175
165
153
152
154
150
153
156
155
152
194
168
156
164
167
162
164
165
150
161
152
161
161
150
154
165
152
168
154
152
161
150
154
159
154
157
151
158
151
159
153
163
153
166
151
168
150
163
151
167
167
158
153
182
154
161
163
156
151
154
153
184
162
160
152
150
179
169
156
166
156
150
153
167
152
159
154
162
151
165
150
155
167
163
162
154
150
151
160
160
187
150
150
166
155
154
150
155
164
162
164
171
164
158
176
172
155
150
155
193
155
154
152
156
159
157
161
156
156
166
151
154
177
178
150
154
156
159
161
150
166
151
164
151
152
156
165
169
152
155
169
186
163
159
153
151
159
152
155
150
151
175
170
152
177
164
177
164
152
157
160
153
159
156
165
169
152
188
151
159
152
162
166
153
160
150
176
166
158
151
154
167
154
165
161
153
150
160
164
155
166
171
151
157
165
156
175
156
161
156
165
156
159
153
150
153
162
172
157
150
155
161
161
158
173
161
168
150
150
152
173
152
167
157
156
158
161
159
179
150
153
150
159
153
156
180
154
160
156
150
157
156
175
156
158
155
150
156
162
160
170
151
153
153
150
150
185
182
151
153
153
162
156
150
153
151
161
163
186
151
162
161
151
153
150
150
150
160
150
153
165
156
165
156
160
161
152
176
188
154
155
150
155
162
181
161
157
152
155
156
157
169
156
163
151
155
150
152
154
174
158
152
155
153
154
150
150
160
156
156
172
172
151
167
187
150
174
158
163
151
156
170
160
154
156
153
150
167
157
152
150
165
158
151
167
176
159
157
189
152
150
161
168
160
153
154
156
150
154
154
189
163
154
167
159
156
150
165
183
151
159
150
155
171
153
151
166
172
151
157
170
150
167
151
165
165
163
153
153
154
156
164
156
160
163
152
156
157
156
194
170
186
158
153
167
163
177
158
161
157
157
182
157
153
153
183
153
161
150
158
163
151
151
153
159
152
150
180
199
155
161
151
154
153
158
176
154
172
150
164
159
154
153
150
150
152
158
166
174
165
167
155
150
150
153
150
151
154
152
157
167
153
150
156
155
187
162
184
155
153
151
153
150
155
150
205
153
162
159
156
181
161
154
160
151
164
155
151
151
151
150
152
175
166
163
160
163
159
151
166
150
150
163
160
152
165
153
174
155
182
156
157
158
152
150
163
161
152
150
166
169
157
151
162
151
156
152
162
154
172
166
153
155
158
171
159
168
150
186
155
151
152
158
155
151
162
156
159
151
158
166
164
152
150
165
151
160
154
158
172
162
198
154
156
153
157
153
165
167
159
161
173
154
151
164
153
154
152
157
187
162
167
159
163
155
157
170
157
171
155
151
156
154
169
150
151
154
172
156
159
165
151
170
169
154
159
164
181
174
156
154
151
154
155
162
158
150
157
156
163
172
151
152
152
160
164
154
152
171
151
161
170
157
172
153
158
165
152
151
154
162
175
152
208
170
153
150
162
155
153
151
173
191
169
150
162
153
154
157
155
150
163
150
162
156
169
152
176
180
158
200
158
159
151
164
159
173
159
152
158
151
181
169
154
156
150
151
214
165
150
151
177
165
154
171
152
150
191
154
160
151
154
152
159
162
170
154
151
157
154
150
160
150
156
150
170
152
155
154
156
151
191
160
151
172
164
153
176
170
161
156
164
155
157
150
178
156
160
152
162
157
150
159
151
152
158
154
156
150
159
158
153
152
150
151
190
200
164
190
175
158
164
156
158
166
151
165
168
160
168
163
152
153
156
161
150
159
172
151
150
152
161
157
164
158
150
154
151
168
154
151
159
155
160
152
150
163
159
155
156
162
162
152
153
165
152
181
157
150
157
151
154
154
174
168
175
156
169
191
150
160
171
154
162
160
150
156
150
151
156
191
155
159
156
151
153
167
151
159
162
166
187
162
163
169
154
194
154
191
152
168
152
156
161
167
182
155
160
151
153
158
184
161
150
162
159
153
158
162
152
165
171
150
155
161
190
154
186
157
156
152
152
162
159
154
160
172
151
168
154
158
152
171
150
160
163
162
152
160
156
189
180
151
152
153
163
153
151
157
171
156
155
153
155
150
158
154
161
162
177
150
171
150
152
155
162
152
158
